0.1030
0.0640
0.1270
0.0340
0.0130
0.0570
0.0190
0.0800
0.1860
0.1710
-0.1923
0.0630
0.1010
0.0360
0.0224
0.1816
0.0440
0.0600
0.0150
0.0920
0.0350
0.1280
0.0200
0.0540
0.0510
0.0370
0.0960
0.0530
0.1798
0.0560
0.1860
0.0750
0.0700
0.0651
0.0170
0.1030
0.0849
0.0770
0.0530
0.0800
0.0440
0.0520
0.2310
0.0781
0.0720
0.1970
0.0210
0.0590
0.0690
0.0790
0.0180
0.1540
0.0910
0.1120
0.1388
0.0800
0.0310
0.0430
0.0580
0.0420
0.0330
0.0420
0.0440
0.0890
0.0360
0.0480
0.0110
0.0550
0.0619
0.0730
0.0450
0.0570
0.0550
0.0600
0.0730
0.0500
0.0510
0.0743
0.0899
0.0311
0.0970
0.0710
0.0600
0.0310
0.0800
0.0049
0.0390
0.0910
0.0940
0.0421
0.1221
0.0340
0.0753
0.0430
0.1910
0.0570
0.0560
0.0248
0.0660
0.0080
0.0550
0.0529
0.0160
0.0520
0.0300
0.0190
0.0300
0.1659
0.0699
0.0220
0.0450
0.0540
0.0620
0.0690
0.1120
0.0720
0.1040
0.0300
0.0600
0.0490
0.0810
0.0530
0.0869
0.0110
0.0840
0.0091
0.1290
0.0650
0.0310
0.0300
0.0870
0.0550
0.1420
0.0440
0.0830
0.0350
0.0481
0.0500
0.0470
0.1670
0.0840
0.0420
0.0840
0.0580
0.0740
0.0870
0.0720
0.0470
0.0790
0.1190
0.0179
0.1020
0.0940
0.0930
0.1510
0.0499
0.0419
0.1010
0.1500
0.1700
0.1430
0.0860
0.0600
0.0350
0.1259
0.0550
0.0410
0.2890
0.4250
-0.0960
0.4230
-0.1110
0.1070
0.3210
0.2230
0.1010
0.1470
0.0710
0.0820
0.2250
0.0040
0.0450
0.0480
0.0830
0.0470
0.0980
0.0680
0.0450
0.0690
0.1030
0.0940
0.0680
0.1050
0.0890
0.2550
0.1840
0.0780
0.1200
0.0980
0.1390
0.1770
0.1290
0.0780
0.0630
0.0800
0.0490
0.1230
0.0490
0.1000
0.1160
0.0080
0.0290
0.0221
0.0379
0.0560
0.0570
0.0290
0.0940
0.0520
0.0150
0.0520
0.0580
0.0100
0.0490
0.0590
0.0450
0.0680
0.0610
0.0670
0.0460
0.0230
0.0540
0.0520
0.0450
0.0450
0.0400
0.0090
0.0230
0.0360
0.0270
0.0170
0.0620
0.0360
0.0350
0.0140
0.0300
0.0390
0.0518
0.0820
0.0420
0.0819
0.0330
0.0140
0.0260
0.0200
0.0310
0.0970
0.0130
0.0239
0.0920
0.0661
0.0370
0.0760
0.0130
0.0760
0.0630
0.1020
0.0650
0.1020
0.0890
0.0340
0.0730
0.0320
0.1059
0.0840
0.0690
0.0600
0.0180
0.0479
0.0079
0.0570
0.1197
0.0460
0.0780
0.1250
0.0420
0.0750
0.0650
0.0501
0.1000
0.0950
0.0220
0.0030
0.0150
-0.4140
0.0410
0.0790
0.0840
0.1100
0.1450
0.2949
-0.0740
0.0700
0.0280
0.0210
0.1151
0.0740
0.0970
0.1210
0.1160
0.2390
0.0640
0.1360
0.1430
0.0669
0.0350
0.0000
0.0810
0.0630
0.0040
0.0630
0.0920
0.0282
0.0640
0.0600
0.0790
0.1430
0.1320
0.0800
0.0380
0.0730
0.0630
0.2230
0.1650
0.0550
0.0420
0.0970
0.0300
0.0700
0.0650
0.0370
0.1850
0.0410
0.1490
0.0960
0.0590
0.1240
0.1640
0.1810
0.3360
0.0620
0.0590
0.3120
0.0000
0.1770
-0.0150
1.0000
0.2409
0.1890
0.0940
0.2901
0.3470
0.3530
0.1130
0.0850
0.1560
0.0490
0.1870
0.0970
0.0960
0.0510
0.0460
0.2010
0.2430
0.2590
0.0880
0.0820
0.2010
0.0390
0.0640
0.2210
0.1550
0.0000
0.1910
0.1830
0.2490
0.2689
0.0051
0.2940
0.1100
0.0700
0.3330
0.1580
0.1910
0.1350
0.1360
0.1220
0.1520
0.1200
0.0590
0.0720
0.1190
0.0770
0.1690
0.1870
0.0480
0.0620
0.1450
0.0640
0.0880
0.1420
0.1200
0.0830
0.0170
0.0790
0.1210
0.0830
0.2450
0.0700
0.0560
0.0290
0.0480
0.0370
0.1200
0.0700
0.0800
0.1070
0.2557
0.1369
0.1680
0.0420
0.1070
0.0710
0.2340
0.0550
0.0600
0.0949
0.0420
0.0680
0.0240
0.0280
0.0090
0.0190
0.0410
0.1680
0.0040
0.0040
0.0430
0.0530
0.0310
0.0330
0.0240
0.0230
0.0150
0.0460
0.0120
0.0890
0.0260
0.0960
0.0851
0.0300
0.1480
0.0260
0.0520
-0.0100
0.0170
0.0820
0.0950
-0.0190
-0.0030
0.0640
0.0330
0.0198
0.0230
0.0549
0.0920
0.0350
0.0350
0.2700
0.0399