0.3393
0.2961
0.3476
0.3829
0.1273
0.3363
0.3367
0.3725
0.3290
0.3199
0.4385
0.3997
0.2472
0.2262
0.4400
0.4431
0.4110
0.1666
0.2086
0.2527
0.1849
0.3619
0.1754
0.2306
0.1528
0.1359
0.2012
0.1818
0.3743
0.1623
0.3531
0.3946
0.3112
0.2337
0.2022
0.3332
0.2081
0.2744
0.2422
0.3290
0.1314
0.1854
0.4193
0.2837
0.1891
0.3169
0.2125
0.2077
0.2028
0.2445
0.3042
0.4135
0.3032
0.3487
0.4163
0.3096
0.2039
0.1943
0.3367
0.2825
0.1947
0.2843
0.1996
0.3211
0.3081
0.3449
0.0413
0.3204
0.2186
0.2614
0.1722
0.1607
0.1753
0.2538
0.3092
0.2331
0.2011
0.4496
0.3188
0.2265
0.2931
0.3285
0.2456
0.2387
0.3039
0.2111
0.2467
0.3801
0.3991
0.3576
0.3167
0.1723
0.2511
0.3191
0.3836
0.2165
0.3379
0.2627
0.2738
0.1809
0.2467
0.2575
0.0676
0.1899
0.1159
0.1374
0.1102
0.5584
0.3704
0.2700
0.3740
0.3383
0.3012
0.2547
0.4126
0.2977
0.4083
0.2092
0.2289
0.3078
0.3762
0.2969
0.3479
0.2064
0.3080
0.2822
0.4241
0.2291
0.3190
0.3339
0.1828
0.2697
0.4523
0.2801
0.2590
0.2896
0.2978
0.3397
0.3079
0.3564
0.2243
0.2039
0.3826
0.1873
0.2609
0.2627
0.3222
0.3204
0.3237
0.3110
0.1941
0.4130
0.4294
0.3832
0.3322
0.2948
0.2532
0.4317
0.4708
0.4657
0.4100
0.3804
0.3238
0.2754
0.3231
0.1805
0.2588
0.4453
0.8197
-0.0816
0.7149
-0.0801
0.2566
0.6743
0.5932
0.3721
0.3947
0.2041
0.3324
0.3091
0.1298
0.1472
0.2624
0.3891
0.1899
0.2602
0.4318
0.1790
0.2420
0.2949
0.2872
0.4352
0.3432
0.2957
0.3519
0.3482
0.2740
0.3693
0.2968
0.3308
0.5086
0.4041
0.3866
0.1109
0.1390
0.1349
0.3088
0.1738
0.2310
0.2059
0.0661
0.1537
0.1170
0.1056
0.1493
0.1185
0.1004
0.1590
0.1303
0.0339
0.0805
0.0944
0.0961
0.1817
0.1723
0.1408
0.2144
0.1476
0.2121
0.1334
0.1062
0.1707
0.1456
0.2435
0.1513
0.1942
0.0509
0.0674
0.1803
0.1708
0.0861
0.1762
0.1800
0.1475
0.1888
0.1952
0.2015
0.1553
0.4427
0.1318
0.2684
0.1016
0.1236
0.1513
0.2341
0.1735
0.2937
0.1245
0.1867
0.2861
0.2491
0.2839
0.2115
0.1648
0.2744
0.2081
0.3173
0.3313
0.2866
0.3370
0.1849
0.3487
0.3159
0.2449
0.1714
0.2316
0.1554
0.4018
0.1338
0.2884
0.1183
0.2345
0.1193
0.1696
0.2486
0.4131
0.2848
0.4382
0.1264
0.3331
0.3141
0.1740
0.3402
0.4678
0.4881
0.5662
0.6117
0.5462
0.4254
0.5022
0.5159
0.4197
0.1659
0.3247
0.2570
0.2841
0.3935
0.6469
0.2654
0.4944
0.5109
0.2986
0.6100
0.5593
1.5434
0.4608
0.3908
0.5721
0.4625
0.4040
0.5175
0.3685
0.2403
0.3822
0.3986
0.3956
0.7101
0.2291
0.3605
0.4036
0.3742
0.1605
0.4621
0.3625
0.3626
0.3022
0.2489
0.3692
0.2134
0.2557
0.1753
0.4535
0.2376
0.4634
0.3926
0.1875
0.4336
0.4737
0.5223
0.6610
0.4264
0.3909
0.7031
0.3350
0.5385
0.5264
0.3615
0.6226
0.3894
0.1925
0.7767
0.6975
0.5875
0.6775
0.1662
0.2347
0.2700
0.2982
0.1648
0.1675
0.1814
0.0868
0.2234
0.5234
0.3830
0.6363
0.3118
0.4882
0.0748
0.2030
0.7962
0.2186
0.2034
0.6311
0.8262
0.4283
0.5727
0.3762
0.5957
0.3457
0.5176
0.6704
0.5949
0.5924
0.5972
0.5107
0.4194
0.4741
0.5107
0.3761
0.4925
0.3345
0.3883
0.3989
0.4453
0.4606
0.5338
0.6528
0.4815
0.2927
0.4192
0.4826
0.5222
0.3202
0.5859
0.5275
0.3727
0.3765
0.4308
0.6454
0.7257
0.1214
0.1616
0.4439
0.4288
0.7225
0.5674
0.7671
0.5497
0.5111
0.3274
0.6296
0.3654
0.5293
0.2459
0.5457
0.4590
0.2550
0.7207
0.8374
0.6341
0.4374
0.8280
0.6206
0.3178
0.2514
0.6265
0.7513
0.7866
0.4490
0.5918
0.5949
0.6813
0.5656
0.7903
0.7360
0.4522
0.5841
0.7063
0.5028
0.7227
0.3987
0.7048
0.3107
0.6494
0.4733
0.5208
0.5371
0.4112
0.7556
0.5334
0.3011
0.3477
0.3022
0.6000
0.6193
0.5757
0.5757
0.6271
0.6815